861
147.000000 152.000000
159.701210 158.427119
172.402421 164.854237
185.103631 171.281356
197.804842 177.708474
210.506052 184.135593
223.207263 190.562711
236.412562 195.651721
250.197393 199.202359
263.982225 202.752997
277.767056 206.303636
291.551887 209.854274
305.636290 211.315944
319.863412 211.782407
334.090535 212.248870
348.317657 212.715333
362.540091 212.708416
376.755183 211.960254
390.970276 211.212091
405.185368 210.463928
419.381963 209.470627
433.548367 208.077210
447.714770 206.683793
461.881174 205.290376
476.032191 203.793562
489.990529 201.001894
503.948867 198.210227
517.907205 195.418559
531.865542 192.626892
545.823880 189.835224
559.208563 185.163099
572.348349 179.688188
585.488134 174.213278
598.627919 168.738367
611.767704 163.263457
624.881790 157.728622
637.905432 151.982898
650.929074 146.237173
663.952716 140.491449
676.976358 134.745724
690.000000 129.000000
169.615255 216.657510
181.591590 221.375654
193.567925 226.093798
205.544260 230.811942
217.520595 235.530087
229.496931 240.248231
241.473266 244.966375
253.928486 248.413315
266.934260 250.398803
279.940519 252.386479
292.955239 254.412431
305.969960 256.438384
319.269274 256.479817
332.704172 255.575803
346.139069 254.671789
359.573967 253.767775
373.009800 252.474862
386.444588 250.544661
399.879375 248.614459
413.314163 246.684258
426.731378 244.521175
440.119911 241.977983
453.508445 239.434790
466.896978 236.891598
480.268654 234.276332
493.450985 230.504510
506.633316 226.732689
519.815647 222.960867
532.997978 219.189045
546.180309 215.417224
558.817668 209.858967
571.221385 203.543343
583.620383 197.252910
596.019380 190.962477
608.418378 184.672045
620.792961 178.324684
633.081622 171.776978
645.370284 165.229272
657.658945 158.681567
669.947607 152.133861
682.236268 145.586155
192.230509 281.315020
203.481969 284.324189
214.733429 287.333359
225.984889 290.342529
237.236349 293.351699
248.487809 296.360869
259.739269 299.370039
271.444409 301.174910
283.671127 301.595248
295.898813 302.019960
308.143423 302.521227
320.388034 303.022494
332.902259 301.643689
345.544931 299.369198
358.187604 297.094707
370.830276 294.820217
383.479509 292.241307
396.133992 289.129068
408.788475 286.016828
421.442958 282.904588
434.080793 279.571724
446.691456 275.878756
459.302119 272.185787
471.912782 268.492819
484.505118 264.759102
496.911442 260.007127
509.317765 255.255151
521.724089 250.503175
534.130413 245.751199
546.536737 240.999224
558.426772 234.554836
570.094421 227.398498
581.752631 220.292543
593.410841 213.186588
605.069051 206.080633
616.704131 198.920747
628.257812 191.571059
639.811493 184.221372
651.365174 176.871684
662.918855 169.521997
674.472536 162.172309
214.845764 345.972529
225.372349 347.272725
235.898933 348.572920
246.425518 349.873116
256.952103 351.173311
267.478687 352.473507
278.005272 353.773702
288.960332 353.936505
300.407994 352.791692
311.857107 351.653441
323.331607 350.630022
334.806107 349.606604
346.535243 346.807562
358.385691 343.162594
370.236138 339.517626
382.086586 335.872658
393.949218 332.007753
405.823396 327.713475
417.697574 323.419197
429.571753 319.124919
441.430208 314.622272
453.263001 309.779528
465.095794 304.936784
476.928587 300.094040
488.741581 295.241873
500.371898 289.509743
512.002215 283.777613
523.632532 278.045483
535.262849 272.313353
546.893166 266.581224
558.035877 259.250705
568.967458 251.253652
579.884880 243.332175
590.802302 235.410698
601.719724 227.489221
612.615302 219.516809
623.434002 211.365140
634.252703 203.213471
645.071403 195.061802
655.890104 186.910133
666.708804 178.758464
237.461019 410.630039
247.262728 410.221260
257.064437 409.812481
266.866147 409.403703
276.667856 408.994924
286.469566 408.586145
296.271275 408.177366
306.476256 406.698100
317.144861 403.988137
327.815401 401.286923
338.519791 398.738818
349.224181 396.190713
360.168228 391.971434
371.226450 386.955990
382.284673 381.940545
393.342895 376.925100
404.418926 371.774199
415.512800 366.297882
426.606674 360.821565
437.700547 355.345249
448.779623 349.672821
459.834546 343.680301
470.889468 337.687781
481.944391 331.695262
492.978044 325.724643
503.832354 319.012359
514.686664 312.300075
525.540974 305.587791
536.395284 298.875507
547.249594 292.163223
557.644981 283.946573
567.840494 275.108807
578.017128 266.371808
588.193763 257.634809
598.370397 248.897809
608.526472 240.112871
618.610192 231.159221
628.693912 222.205570
638.777632 213.251920
648.861352 204.298269
658.945072 195.344619
260.076273 475.287549
269.153107 473.169796
278.229942 471.052043
287.306776 468.934289
296.383610 466.816536
305.460444 464.698783
314.537278 462.581030
323.992179 459.459695
333.881728 455.184581
343.773696 450.920404
353.707975 446.847614
363.642254 442.774823
373.801212 437.135307
384.067210 430.749385
394.333207 424.363464
404.599205 417.977542
414.888635 411.540644
425.202204 404.882289
435.515773 398.223934
445.829342 391.565579
456.129038 384.723370
466.406090 377.581074
476.683143 370.438778
486.960195 363.296483
497.214507 356.207413
507.292810 348.514975
517.371114 340.822537
527.449417 333.130099
537.527720 325.437661
547.606023 317.745223
557.254086 308.642442
566.713530 298.963962
576.149377 289.411441
585.585224 279.858919
595.021071 270.306398
604.437643 260.708933
613.786382 250.953301
623.135122 241.197669
632.483861 231.442037
641.832601 221.686406
651.181340 211.930774
281.463612 540.425030
289.890393 536.599288
298.317174 532.773546
306.743955 528.947803
315.170737 525.122061
323.597518 521.296319
332.024299 517.470577
340.803942 512.708158
349.989258 506.868880
359.177474 501.042725
368.416465 495.446234
377.655456 489.849743
387.104148 482.790975
396.652743 475.035562
406.201338 467.280148
415.749933 459.524735
425.327585 451.802826
434.935671 443.963418
444.543758 436.124010
454.151844 428.284602
463.746982 420.273596
473.320987 411.982510
482.894991 403.691424
492.468996 395.400338
502.018789 387.193803
511.395907 378.522196
520.773026 369.850589
530.150144 361.178983
539.527263 352.507376
548.904381 343.835769
557.879942 333.847842
566.678141 323.329634
575.448022 312.962575
584.217904 302.595517
592.987785 292.228459
601.739677 281.819453
610.428258 271.262825
619.116839 260.706197
627.805420 250.149569
636.494001 239.592941
645.182583 229.036313
301.612875 606.046454
309.509087 600.526676
317.405299 595.006899
325.301510 589.487122
333.197722 583.967345
341.093933 578.447567
348.990145 572.927790
357.214014 566.538242
365.814579 559.148752
374.418529 551.774573
383.081715 544.668336
391.744902 537.562099
400.602810 529.098032
409.553486 519.987081
418.504162 510.876130
427.454837 501.765179
436.440194 492.772214
445.462282 483.765706
454.484369 474.759199
463.506457 465.752692
472.516521 456.586844
481.506961 447.160921
490.497401 437.734999
499.487841 428.309076
508.452599 418.999029
517.248016 409.362208
526.043434 399.725386
534.838851 390.088564
543.634268 380.451743
552.429686 370.814921
560.852228 359.955802
569.108664 348.611819
577.332064 337.444178
585.555463 326.276537
593.778863 315.108895
601.985558 303.902303
610.133464 292.558633
618.281371 281.214963
626.429277 269.871292
634.577183 258.527622
642.725090 247.183952
321.762139 671.667877
329.127781 664.454065
336.493423 657.240252
343.859065 650.026440
351.224707 642.812628
358.590349 635.598815
365.955991 628.385003
373.624087 620.368325
381.639901 611.428625
389.659584 602.506421
397.746966 593.890438
405.834347 585.274454
414.101472 575.405090
422.454229 564.938601
430.806985 554.472112
439.159742 544.005624
447.552804 533.741601
455.988893 523.567995
464.424981 513.394388
472.861070 503.220781
481.286060 492.900091
489.692936 482.339332
498.099811 471.778573
506.506686 461.217814
514.886409 450.804255
523.100125 440.202219
531.313842 429.600183
539.527558 418.998146
547.741274 408.396110
555.954990 397.794073
563.824514 386.063762
571.539188 373.894005
579.216106 361.925781
586.893023 349.957556
594.569941 337.989332
602.231439 325.985153
609.838670 313.854441
617.445902 301.723728
625.053134 289.593016
632.660365 277.462303
640.267597 265.331591
341.911402 737.289301
348.746474 728.381453
355.581547 719.473606
362.416619 710.565758
369.251692 701.657911
376.086765 692.750064
382.921837 683.842216
390.034159 674.198409
397.465223 663.708497
404.900638 653.238270
412.412216 643.112540
419.923793 632.986810
427.600134 621.712147
435.354972 609.890121
443.109809 598.068094
450.864647 586.246068
458.665414 574.710989
466.515503 563.370283
474.365593 552.029577
482.215683 540.688871
490.055599 529.213339
497.878910 517.517743
505.702221 505.822148
513.525532 494.126552
521.320219 482.609482
528.952234 471.042230
536.584249 459.474979
544.216264 447.907728
551.848280 436.340477
559.480295 424.773225
566.796800 412.171722
573.969712 399.176190
581.100147 386.407383
588.230583 373.638576
595.361019 360.869769
602.477320 348.068003
609.543877 335.150249
616.610434 322.232494
623.676990 309.314739
630.743547 296.396984
637.810104 283.479229
359.345560 803.366808
365.717941 792.753524
372.090322 782.140239
378.462702 771.526954
384.835083 760.913670
391.207464 750.300385
397.579844 739.687101
404.204270 728.404761
411.118461 716.353237
418.037487 704.323583
425.041137 692.676705
432.044787 681.029826
439.198223 668.338464
446.423019 655.149497
453.647815 641.960531
460.872611 628.771565
468.148960 615.954027
475.480929 603.434820
482.812897 590.915612
490.144866 578.396405
497.467586 565.754629
504.775210 552.912794
512.082834 540.070960
519.390458 527.229126
526.667987 514.597142
533.786179 502.053273
540.904371 489.509405
548.022562 476.965537
555.140754 464.421669
562.258945 451.877801
569.090310 438.393703
575.789337 424.560995
582.441168 410.980203
589.092999 397.399410
595.744831 383.818618
602.383813 370.207864
608.977572 356.491665
615.571332 342.775466
622.165092 329.059266
628.758852 315.343067
635.352612 301.626868
374.749512 869.785351
380.713251 857.458268
386.676990 845.131186
392.640730 832.804103
398.604469 820.477020
404.568209 808.149938
410.531948 795.822855
416.722527 782.893624
423.173896 769.272125
429.630584 755.674685
436.180357 742.498297
442.730131 729.321909
449.414712 715.205486
456.163517 700.641219
462.912322 686.076952
469.661127 671.512685
476.467110 657.404327
483.335007 643.698258
490.202905 629.992189
497.070803 616.286120
503.930377 602.469738
510.776364 588.473304
517.622352 574.476871
524.468340 560.480437
531.282763 546.725178
537.941181 533.196332
544.599600 519.667486
551.258018 506.138641
557.916437 492.609795
564.574856 479.080949
570.975130 464.705897
577.254323 450.027651
583.481600 435.626513
589.708878 421.225375
595.936156 406.824237
602.151869 392.396133
608.326882 377.873129
614.501895 363.350124
620.676908 348.827120
626.851922 334.304116
633.026935 319.781112
390.153463 936.203893
395.782481 922.166716
401.411499 908.129540
407.040517 894.092363
412.669535 880.055186
418.298553 866.018010
423.927571 851.980833
429.758224 837.408413
435.820690 822.220644
441.888959 807.059121
448.058776 792.356928
454.228593 777.654734
460.518239 762.116954
466.864973 746.181090
473.211707 730.245227
479.558440 714.309363
485.967976 698.913890
492.445723 684.024662
498.923470 669.135435
505.401217 654.246207
511.871565 639.258924
518.329836 624.111595
524.788107 608.964266
531.246379 593.816937
537.671614 578.942107
543.944179 564.431987
550.216745 549.921868
556.489310 535.411748
562.761876 520.901628
569.034441 506.391509
575.077545 491.129206
581.010824 475.609126
586.887468 460.391346
592.764111 445.173566
598.640755 429.955786
604.507119 414.714037
610.337306 399.387931
616.167492 384.061826
621.997679 368.735720
627.827865 353.409615
633.658052 338.083509
403.750440 1002.327767
409.089910 986.587863
414.429381 970.847959
419.768852 955.108055
425.108323 939.368151
430.447794 923.628247
435.787264 907.888343
441.303166 891.680101
447.021905 874.933429
452.746929 858.215190
458.581964 841.994558
464.416998 825.773925
470.356884 808.822155
476.346721 791.522061
482.336558 774.221968
488.326395 756.921874
494.384658 740.246651
500.517428 724.181632
506.650198 708.116613
512.782969 692.051594
518.909265 675.900776
525.024994 659.609919
531.140724 643.319061
537.256453 627.028203
543.337675 611.041169
549.269562 595.557142
555.201449 580.073115
561.133336 564.589088
567.065222 549.105062
572.997109 533.621035
578.728217 517.478848
584.360756 501.124301
589.931940 485.097246
595.503124 469.070191
601.074309 453.043135
606.636498 436.995107
612.167032 420.873267
617.697567 404.751427
623.228101 388.629587
628.758635 372.507747
634.289169 356.385907
412.221580 1067.615759
417.399650 1050.194025
422.577719 1032.772291
427.755789 1015.350556
432.933858 997.928822
438.111928 980.507087
443.289998 963.085353
448.619294 945.262186
454.122450 926.977507
459.632375 908.723449
465.260774 891.005275
470.889173 873.287102
476.607443 854.942237
482.368529 836.298811
488.129615 817.655385
493.890701 799.011958
499.725838 781.077883
505.641777 763.857970
511.557717 746.638056
517.473657 729.418143
523.384047 712.124688
529.285381 694.711198
535.186714 677.297708
541.088047 659.884218
546.953402 642.805878
552.672756 626.368841
558.392110 609.931804
564.111464 593.494767
569.830818 577.057730
575.550172 560.620693
581.097430 543.619519
586.557374 526.451402
591.951245 509.635969
597.345116 492.820536
602.738986 476.005102
608.125147 459.171692
613.484175 442.275014
618.843203 425.378337
624.202231 408.481659
629.561259 391.584982
634.920286 374.688304
420.692720 1132.903751
425.709389 1113.800186
430.726057 1094.696622
435.742725 1075.593057
440.759394 1056.489492
445.776062 1037.385928
450.792731 1018.282363
455.935422 998.844271
461.222995 979.021586
466.517822 959.231709
471.939584 940.015993
477.361347 920.800278
482.858002 901.062320
488.390337 881.075561
493.922672 861.088802
499.455008 841.102042
505.067018 821.909115
510.766127 803.534307
516.465236 785.159499
522.164345 766.784691
527.858830 748.348599
533.545767 729.812477
539.232704 711.276356
544.919641 692.740234
550.569129 674.570587
556.075950 657.180540
561.582771 639.790493
567.089592 622.400446
572.596414 605.010399
578.103235 587.620352
583.466642 569.760190
588.753993 551.778504
593.970550 534.174692
599.187107 516.570881
604.403664 498.967069
609.613797 481.348277
614.801318 463.676762
619.988839 446.005247
625.176361 428.333732
630.363882 410.662217
635.551404 392.990702
428.007495 1197.563811
432.935992 1176.784839
437.864489 1156.005867
442.792986 1135.226894
447.721483 1114.447922
452.649980 1093.668950
457.578477 1072.889977
462.607792 1051.843383
467.753013 1030.489115
472.905971 1009.169841
478.194327 988.463007
483.482682 967.756172
488.830953 946.631544
494.207767 925.307875
499.584581 903.984205
504.961395 882.660536
510.423508 862.215179
515.979016 842.691899
521.534525 823.168619
527.090033 803.645340
532.641842 784.073032
538.187612 764.420702
543.733383 744.768371
549.279153 725.116041
554.786005 705.861509
560.153523 687.524875
565.521041 669.188240
570.888559 650.851606
576.256077 632.514972
581.623595 614.178337
586.876382 595.465611
592.064368 576.676778
597.176842 558.291011
602.289315 539.905244
607.401788 521.519477
612.509122 503.121725
617.598367 484.681796
622.687611 466.241866
627.776856 447.801936
632.866101 429.362006
637.955345 410.922076
432.005621 1260.422858
437.037794 1237.990706
442.069966 1215.558555
447.102138 1193.126403
452.134311 1170.694251
457.166483 1148.262099
462.198655 1125.829947
467.306441 1103.197079
472.501156 1080.333455
477.704092 1057.507012
483.050888 1035.331287
488.397684 1013.155561
493.789416 990.666491
499.202556 968.028139
504.615696 945.389787
510.028835 922.751435
515.532898 901.075877
521.136652 880.426354
526.740407 859.776830
532.344161 839.127307
537.945140 818.441013
543.541591 797.694701
549.138042 776.948390
554.734493 756.202078
560.290554 735.884890
565.710616 716.623896
571.130677 697.362903
576.550739 678.101909
581.970801 658.840915
587.390863 639.579921
592.724876 620.036859
598.005345 600.463107
603.205581 581.317612
608.405818 562.172118
613.606054 543.026623
618.802435 523.872140
623.985250 504.686024
629.168065 485.499907
634.350880 466.313790
639.533694 447.127674
644.716509 427.941557
436.003747 1323.281906
441.139595 1299.196574
446.275443 1275.111242
451.411290 1251.025911
456.547138 1226.940579
461.682986 1202.855248
466.818833 1178.769916
472.005090 1154.550774
477.249300 1130.177794
482.502213 1105.844184
487.907449 1082.199567
493.312686 1058.554951
498.747879 1034.701437
504.197345 1010.748403
509.646810 986.795369
515.096276 962.842335
520.642288 939.936576
526.294288 918.160809
531.946289 896.385041
537.598289 874.609274
543.248439 852.808993
548.895570 830.968701
554.542702 809.128408
560.189833 787.288115
565.795103 765.908271
571.267709 745.722918
576.740314 725.537565
582.212919 705.352212
587.685525 685.166859
593.158130 664.981506
598.573370 644.608107
603.946321 624.249435
609.234321 604.344213
614.522320 584.438991
619.810319 564.533769
625.095748 544.622555
630.372133 524.690252
635.648518 504.757948
640.924903 484.825645
646.201288 464.893342
651.477673 444.961038
440.001874 1386.140953
445.241397 1360.402442
450.480920 1334.663930
455.720443 1308.925419
460.959966 1283.186908
466.199489 1257.448397
471.439012 1231.709886
476.703739 1205.904469
481.997443 1180.022134
487.300334 1154.181355
492.764011 1129.067847
498.227687 1103.954340
503.706343 1078.736384
509.192134 1053.468668
514.677925 1028.200952
520.163716 1002.933235
525.751678 978.797274
531.451924 955.895263
537.152170 932.993252
542.852416 910.091242
548.551738 887.176974
554.249549 864.242700
559.947361 841.308426
565.645172 818.374153
571.299652 795.931652
576.824801 774.821939
582.349951 753.712227
587.875100 732.602515
593.400249 711.492802
598.925398 690.383090
604.421864 669.179354
609.887298 648.035764
615.263060 627.370814
620.638822 606.705865
626.014584 586.040915
631.389062 565.372970
636.759017 544.694480
642.128971 524.015989
647.498926 503.337499
652.868881 482.659009
658.238836 461.980519
444.000000 1449.000000
449.343198 1421.608309
454.686397 1394.216618
460.029595 1366.824928
465.372793 1339.433237
470.715992 1312.041546
476.059190 1284.649855
481.402388 1257.258164
486.745587 1229.866474
492.098456 1202.518526
497.620572 1175.936128
503.142689 1149.353729
508.664806 1122.771331
514.186923 1096.188932
519.709039 1069.606534
525.231156 1043.024135
530.861068 1017.657973
536.609560 993.629718
542.358052 969.601463
548.106544 945.573209
553.855036 921.544954
559.603528 897.516699
565.352020 873.488445
571.100512 849.460190
576.804201 825.955033
582.381894 803.920961
587.959587 781.886889
593.537280 759.852817
599.114973 737.818746
604.692666 715.784674
610.270358 693.750602
615.828275 671.822092
621.291800 650.397415
626.755325 628.972738
632.218850 607.548061
637.682375 586.123384
643.145900 564.698708
648.609425 543.274031
654.072950 521.849354
659.536475 500.424677
665.000000 479.000000
