861
144.000000 158.000000
156.475000 158.075000
168.950000 158.150000
181.425000 158.225000
193.900000 158.300000
206.375000 158.375000
218.850000 158.450000
231.325000 158.525000
243.800000 158.600000
256.275000 158.675000
268.750000 158.750000
281.225000 158.825000
293.700000 158.900000
306.175000 158.975000
318.650000 159.050000
331.125000 159.125000
343.600000 159.200000
356.075000 159.275000
368.550000 159.350000
381.025000 159.425000
393.500000 159.500000
405.975000 159.575000
418.450000 159.650000
430.925000 159.725000
443.400000 159.800000
455.875000 159.875000
468.350000 159.950000
480.825000 160.025000
493.300000 160.100000
505.775000 160.175000
518.250000 160.250000
530.725000 160.325000
543.200000 160.400000
555.675000 160.475000
568.150000 160.550000
580.625000 160.625000
593.100000 160.700000
605.575000 160.775000
618.050000 160.850000
630.525000 160.925000
643.000000 161.000000
143.975537 227.674716
156.633837 225.939127
169.292138 224.203539
181.950438 222.467950
194.608739 220.732361
207.267039 218.996772
219.925340 217.261184
232.622281 215.574348
245.367394 213.948291
258.112507 212.322234
270.857620 210.696178
283.602733 209.070121
296.395297 207.531775
309.190071 205.997513
321.984844 204.463251
334.779618 202.928990
347.597598 201.475661
360.447148 200.132438
373.296699 198.789214
386.146250 197.445991
398.997419 196.123952
411.853464 194.865760
424.709509 193.607569
437.565554 192.349378
450.421599 191.091186
463.276464 189.872153
476.130588 188.677723
488.984712 187.483294
501.838837 186.288865
514.692961 185.094436
527.505561 184.081710
540.313282 183.090331
553.121004 182.098951
565.928726 181.107572
578.658227 180.261739
591.386859 179.417526
604.115491 178.573313
616.730353 177.847341
629.310212 177.157748
641.890070 176.468155
654.469929 175.778562
143.951074 297.349432
156.792675 293.803255
169.634276 290.257077
182.475877 286.710900
195.317478 283.164722
208.159079 279.618545
221.000679 276.072367
233.919562 272.623696
246.934788 269.296583
259.950014 265.969469
272.965240 262.642355
285.980466 259.315241
299.090595 256.163550
312.205142 253.020026
325.319689 249.876503
338.434236 246.732979
351.595195 243.751322
364.819297 240.989875
378.043399 238.228429
391.267500 235.466982
404.494838 232.747903
417.731928 230.156521
430.969018 227.565138
444.206107 224.973755
457.443197 222.382373
470.677928 219.869305
483.911177 217.405447
497.144425 214.941588
510.377673 212.477730
523.610922 210.013871
536.761121 207.913421
549.901564 205.855662
563.042008 203.797902
576.182451 201.740143
589.166455 199.973478
602.148718 198.210053
615.130981 196.446627
627.885706 194.919682
640.570423 193.465496
653.255141 192.011310
665.939858 190.557124
143.926611 367.024148
156.951512 361.667382
169.976413 356.310616
183.001315 350.953849
196.026216 345.597083
209.051118 340.240317
222.076019 334.883551
235.216843 329.673045
248.502182 324.644874
261.787521 319.616703
275.072861 314.588533
288.358200 309.560362
301.785892 304.795325
315.220212 300.042539
328.654533 295.289754
342.088853 290.536969
355.592793 286.026983
369.191445 281.847313
382.790098 277.667643
396.388750 273.487973
409.992257 269.371855
423.610391 265.447281
437.228526 261.522707
450.846661 257.598133
464.464796 253.673559
478.079392 249.866458
491.691765 246.133170
505.304137 242.399882
518.916510 238.666594
532.528883 234.933307
546.016682 231.745131
559.489847 228.620992
572.963012 225.496854
586.436177 222.372715
599.674682 219.685217
612.910577 217.002579
626.146472 214.319940
639.041059 211.992023
651.830635 209.773244
664.620211 207.554465
677.409787 205.335687
143.902148 436.698864
157.110349 429.531509
170.318551 422.364154
183.526753 415.196799
196.734955 408.029444
209.943157 400.862089
223.151359 393.694734
236.514124 386.722393
250.069576 379.993165
263.625029 373.263938
277.180481 366.534710
290.735933 359.805483
304.481189 353.427099
318.235283 347.065053
331.989377 340.703006
345.743471 334.340959
359.590390 328.302643
373.563594 322.704750
387.536797 317.106857
401.510000 311.508964
415.489675 305.995807
429.488855 300.738041
443.488035 295.480276
457.487215 290.222511
471.486395 284.964746
485.480856 279.863611
499.472353 274.860893
513.463850 269.858176
527.455347 264.855459
541.446844 259.852742
555.272242 255.576841
569.078129 251.386323
582.884016 247.195805
596.689902 243.005286
610.182910 239.396957
623.672436 235.795105
637.161963 232.193254
650.196412 229.064364
663.090847 226.080992
675.985281 223.097620
688.879715 220.114249
144.312730 506.635229
157.620969 497.687748
170.929207 488.740268
184.237446 479.792787
197.545685 470.845306
210.853924 461.897825
224.162163 452.950344
237.663606 444.246630
251.405907 435.846808
265.148209 427.446987
278.890511 419.047165
292.632812 410.647344
306.612369 402.686077
320.602973 394.745232
334.593577 386.804386
348.584181 378.863540
362.690817 371.327359
376.955307 364.341705
391.219798 357.356052
405.484288 350.370398
419.756868 343.490664
434.053830 336.930171
448.350791 330.369677
462.647752 323.809183
476.944714 317.248690
491.235777 310.883984
505.523134 304.642300
519.810492 298.400617
534.097849 292.158933
548.385207 285.917250
562.464942 280.584086
576.520287 275.357651
590.575631 270.131216
604.630976 264.904781
618.295222 260.406082
631.955116 255.915480
645.615011 251.424879
658.706059 247.525479
671.622089 243.807978
684.538118 240.090476
697.454148 236.372974
149.569543 579.486259
162.773848 568.728120
175.978153 557.969982
189.182458 547.211843
202.386763 536.453704
215.591067 525.695566
228.795372 514.937427
242.231522 504.471808
255.956702 494.370861
269.681882 484.269914
283.407063 474.168966
297.132243 464.068019
311.142129 454.493337
325.165272 444.943161
339.188415 435.392984
353.211558 425.842808
367.373939 416.778228
381.725746 408.374282
396.077553 399.970336
410.429360 391.566390
424.790874 383.289548
439.181646 375.395794
453.572418 367.502040
467.963190 359.608286
482.353961 351.714532
496.737656 344.055723
511.116903 336.544541
525.496150 329.033359
539.875397 321.522177
554.254644 314.010996
568.384745 307.590038
582.485576 301.297154
596.586408 295.004271
610.687240 288.711387
624.318754 283.291786
637.945045 277.881903
651.571337 272.472019
664.515013 267.771578
677.248667 263.289414
689.982320 258.807251
702.715974 254.325087
154.826357 652.337289
167.926728 639.768493
181.027098 627.199696
194.127469 614.630900
207.227840 602.062103
220.328211 589.493307
233.428582 576.924510
246.799438 564.696987
260.507497 552.894914
274.215556 541.092840
287.923615 529.290767
301.631674 517.488693
315.671889 506.300597
329.727571 495.141090
343.783253 483.981582
357.838936 472.822075
372.057062 462.229098
386.496185 452.406859
400.935308 442.584621
415.374432 432.762383
429.824880 423.088432
444.309462 413.861418
458.794045 404.634403
473.278627 395.407389
487.763209 386.180374
502.239534 377.227462
516.710671 368.446782
531.181808 359.666102
545.652945 350.885422
560.124082 342.104742
574.304547 334.595990
588.450866 327.236658
602.597185 319.877325
616.743504 312.517993
630.342285 306.177490
643.934974 299.848325
657.527662 293.519159
670.323967 288.017677
682.875245 282.770851
695.426522 277.524025
707.977800 272.277200
160.083170 725.188319
173.034605 710.812418
185.986040 696.436518
198.937475 682.060617
211.888910 667.684716
224.840346 653.308816
237.791781 638.932915
251.052342 624.947041
264.698278 611.447396
278.344214 597.947750
291.990149 584.448104
305.636085 570.948458
319.661628 558.150501
333.704848 545.385216
347.748067 532.619932
361.791287 519.854647
376.020156 507.736826
390.501594 496.499849
404.983032 485.262872
419.464470 474.025895
433.958851 462.958390
448.492242 452.401668
463.025633 441.844947
477.559024 431.288226
492.092415 420.731505
506.616369 410.488044
521.134394 400.441419
535.652419 390.394794
550.170444 380.348169
564.688469 370.301544
578.874298 361.708552
593.021102 353.286325
607.167907 344.864097
621.314711 336.441870
634.835758 329.184020
648.349842 321.939126
661.863926 314.694232
674.467856 308.395262
686.791756 302.387328
699.115656 296.379394
711.439556 290.371460
170.767726 799.054289
183.288516 782.857441
195.809305 766.660594
208.330094 750.463746
220.850883 734.266898
233.371672 718.070051
245.892461 701.873203
258.761018 686.115135
272.063120 670.904074
285.365222 655.693013
298.667325 640.481953
311.969427 625.270892
325.698588 610.849230
339.447635 596.464325
353.196681 582.079421
366.945728 567.694516
380.903631 554.038008
395.145673 541.372449
409.387715 528.706890
423.629758 516.041332
437.886361 503.566429
452.186851 491.666158
466.487340 479.765887
480.787830 467.865616
495.088319 455.965346
509.378193 444.417493
523.661395 433.091080
537.944598 421.764668
552.227801 410.438255
566.511003 399.111843
580.420485 389.420767
594.286065 379.921802
608.151645 370.422836
622.017224 360.923871
635.178827 352.734830
648.332596 344.560365
661.486365 336.385900
673.616212 329.275599
685.431024 322.492714
697.245836 315.709828
709.060648 308.926943
184.974051 873.578799
196.976150 855.544541
208.978249 837.510282
220.980348 819.476024
232.982447 801.441766
244.984546 783.407508
256.986645 765.373249
269.375152 747.826524
282.245377 730.887585
295.115601 713.948645
307.985826 697.009706
320.856051 680.070766
334.200785 664.008937
347.567615 647.987949
360.934444 631.966961
374.301274 615.945973
387.900166 600.734314
401.814768 586.623710
415.729371 572.513106
429.643974 558.402502
443.574755 544.503738
457.554299 531.243454
471.533843 517.983170
485.513387 504.722886
499.492931 491.462602
513.460679 478.593894
527.421015 465.971230
541.381351 453.348567
555.341688 440.725903
569.302024 428.103239
582.847115 417.297617
596.343426 406.705450
609.839737 396.113283
623.336047 385.521116
636.050161 376.384421
648.755571 367.263922
661.460981 358.143422
673.028699 350.205327
684.246380 342.631027
695.464060 335.056727
706.681740 327.482427
199.180375 948.103309
210.663784 928.231640
222.147193 908.359971
233.630601 888.488302
245.114010 868.616633
256.597419 848.744965
268.080828 828.873296
279.989286 809.537914
292.427633 790.871095
304.865980 772.204277
317.304328 753.537459
329.742675 734.870641
342.702983 717.168644
355.687595 699.511572
368.672207 681.854500
381.656820 664.197429
394.896701 647.430619
408.483864 631.874970
422.071027 616.319321
435.658190 600.763672
449.263149 585.441047
462.921747 570.820750
476.580346 556.200453
490.238944 541.580156
503.897542 526.959859
517.543165 512.770295
531.180635 498.851380
544.818105 484.932465
558.455575 471.013551
572.093044 457.094636
585.273745 445.174466
598.400787 433.489098
611.527828 421.803730
624.654870 410.118362
636.921495 400.034012
649.178546 389.967478
661.435597 379.900944
672.441187 371.135054
683.061736 362.769340
693.682284 354.403625
704.302832 346.037910
214.589272 1022.483268
225.519390 1000.776467
236.449508 979.069666
247.379626 957.362865
258.309744 935.656064
269.239862 913.949263
280.169980 892.242462
291.563788 871.120702
303.535657 850.728283
315.507526 830.335865
327.479395 809.943446
339.451264 789.551028
351.992545 770.211142
364.560339 750.920265
377.128134 731.629388
389.695928 712.338512
402.542198 694.018830
415.767320 677.020414
428.992443 660.021999
442.217565 643.023583
455.462102 626.279376
468.765154 610.301344
482.068206 594.323312
495.371258 578.345280
508.674310 562.367249
521.963207 546.859108
535.243210 531.646220
548.523213 516.433333
561.803215 501.220446
575.083218 486.007559
587.864927 472.975120
600.588099 460.198829
613.311271 447.422538
626.034443 434.646247
637.818979 423.616522
649.593070 412.606232
661.367162 401.595941
671.776023 392.004536
681.764839 382.849685
691.753654 373.694834
701.742470 364.539983
232.701072 1096.538334
242.873010 1072.964105
253.044949 1049.389875
263.216888 1025.815646
273.388826 1002.241417
283.560765 978.667188
293.732704 955.092958
304.406973 932.152523
315.707475 910.002208
327.007977 887.851893
338.308479 865.701578
349.608982 843.551263
361.526346 822.541191
373.472435 801.584214
385.418523 780.627236
397.364611 759.670258
409.612381 739.765407
422.270574 721.291929
434.928768 702.818450
447.586961 684.344972
460.266187 666.146885
473.008804 648.778823
485.751421 631.410760
498.494038 614.042698
511.236655 596.674635
523.963938 579.815620
536.681585 563.276464
549.399232 546.737308
562.116879 530.198152
574.834526 513.658996
587.012355 499.481993
599.126769 485.582483
611.241182 471.682972
623.355596 457.783462
634.453154 445.776065
645.539397 433.789722
656.625640 421.803379
666.232884 411.354162
675.385078 401.377878
684.537273 391.401595
693.689467 381.425311
250.812871 1170.593400
260.226631 1145.151742
269.640390 1119.710085
279.054149 1094.268427
288.467909 1068.826770
297.881668 1043.385112
307.295427 1017.943455
317.250158 993.184344
327.879293 969.276133
338.508429 945.367921
349.137564 921.459710
359.766699 897.551498
371.060148 874.871241
382.384530 852.248162
393.708912 829.625083
405.033294 807.002004
416.682564 785.511985
428.773828 765.563443
440.865092 745.614902
452.956357 725.666361
465.070271 706.014395
477.252453 687.256302
489.434636 668.498208
501.616818 649.740115
513.799000 630.982021
525.964668 612.772133
538.119959 594.906708
550.275251 577.041283
562.430542 559.175858
574.585834 541.310433
586.159782 525.988866
597.665438 510.966136
609.171094 495.943407
620.676749 480.920677
631.087329 467.935608
641.485724 454.973212
651.884119 442.010817
660.689745 430.703788
669.005318 419.906072
677.320891 409.108356
685.636464 398.310640
272.432201 1243.387943
281.000093 1216.110370
289.567984 1188.832797
298.135876 1161.555224
306.703768 1134.277651
315.271659 1107.000079
323.839551 1079.722506
332.987055 1053.176233
342.857135 1027.541638
352.727216 1001.907044
362.597296 976.272449
372.467376 950.637854
383.049221 926.318925
393.664208 902.061257
404.279196 877.803590
414.894183 853.545922
425.857264 830.502248
437.293911 809.110157
448.730558 787.718066
460.167205 766.325975
471.628121 745.251643
483.162180 725.135032
494.696239 705.018421
506.230298 684.901809
517.764357 664.785198
529.280722 645.255950
540.785970 626.095769
552.291217 606.935588
563.796465 587.775407
575.301712 568.615227
586.184092 552.180607
596.993302 536.066172
607.802511 519.951736
618.611720 503.837300
628.247634 489.906072
637.870492 475.999137
647.493350 462.092203
655.409671 449.958874
662.800934 438.371239
670.192198 426.783603
677.583461 415.195968
295.954958 1315.498438
303.612688 1286.391555
311.270417 1257.284672
318.928147 1228.177790
326.585876 1199.070907
334.243606 1169.964024
341.901336 1140.857141
350.177319 1112.530312
359.224049 1085.175939
368.270780 1057.821566
377.317511 1030.467193
386.364241 1003.112820
396.170188 977.161823
406.011486 951.276173
415.852784 925.390522
425.694083 899.504872
435.906681 874.914148
446.624416 852.085112
457.342152 829.256076
468.059887 806.427040
478.803509 783.936948
489.625150 762.468424
500.446791 740.999900
511.268433 719.531376
522.090074 698.062852
532.892842 677.220849
543.683751 656.772518
554.474661 636.324187
565.265570 615.875855
576.056479 595.427524
586.182996 577.886458
596.231465 560.686921
606.279933 543.487385
616.328401 526.287849
625.125354 511.417067
633.908381 496.572198
642.691409 481.727329
649.654129 468.774307
656.056789 456.403357
662.459448 444.032407
668.862108 431.661458
319.477716 1387.608934
326.150429 1356.625719
332.823142 1325.642505
339.495855 1294.659291
346.168568 1263.676077
352.841281 1232.692862
359.513994 1201.709648
366.843602 1171.555241
374.992129 1142.434068
383.140655 1113.312896
391.289182 1084.191723
399.437709 1055.070551
408.392903 1027.440466
417.385657 999.879811
426.378412 972.319156
435.371167 944.758501
444.758428 918.573706
454.682398 894.260704
464.606367 869.947702
474.530336 845.634700
484.481810 821.681826
494.516179 798.814368
504.550549 775.946911
514.584918 753.079453
524.619288 730.211995
534.633604 708.010215
544.635321 686.226712
554.637037 664.443209
564.638753 642.659705
574.640470 620.876202
583.936270 602.181668
593.149143 583.850010
602.362016 565.518351
611.574889 547.186692
619.458027 531.329335
627.326369 515.499511
635.194711 499.669686
641.128977 485.849949
646.468178 472.648664
651.807380 459.447378
657.146581 446.246093
348.687503 1455.303726
354.233024 1422.554573
359.778545 1389.805420
365.324066 1357.056267
370.869587 1324.307114
376.415108 1291.557961
381.960629 1258.808808
388.201685 1226.937215
395.309832 1196.159635
402.417979 1165.382056
409.526126 1134.604477
416.634273 1103.826897
424.596538 1074.628116
432.598574 1045.502849
440.600610 1016.377583
448.602646 987.252316
457.022394 959.583842
466.010422 933.897266
474.998449 908.210691
483.986476 882.524116
493.003626 857.218853
502.108548 833.062854
511.213469 808.906854
520.318391 784.750855
529.423313 760.594856
538.507002 737.143692
547.577350 714.135410
556.647698 691.127127
565.718046 668.118844
574.788394 645.110562
583.111302 625.372953
591.346404 606.019564
599.581506 586.666176
607.816608 567.312788
614.643755 550.579248
621.455236 533.874861
628.266716 517.170473
633.030352 502.594414
637.163920 488.673185
641.297487 474.751957
645.431054 460.830729
378.343751 1522.651863
382.750919 1488.145438
387.158086 1453.639012
391.565253 1419.132586
395.972420 1384.626161
400.379588 1350.119735
404.786755 1315.613310
409.928098 1282.033198
415.984704 1249.607878
422.041310 1217.182558
428.097916 1184.757238
434.154522 1152.331918
441.112697 1121.573108
448.112852 1090.891896
455.113007 1060.210683
462.113162 1029.529471
469.554236 1000.385984
477.595160 973.334502
485.636085 946.283020
493.677009 919.231538
501.748673 892.582552
509.912985 867.146677
518.077298 841.710803
526.241610 816.274929
534.405923 790.839055
542.547823 766.147174
550.675641 741.922778
558.803459 717.698382
566.931277 693.473987
575.059095 669.249591
582.397948 648.477573
589.644118 628.111122
596.890287 607.744670
604.136457 587.378218
609.896452 569.777163
615.639910 552.206879
621.383368 534.636595
624.965212 519.312879
627.881984 504.680374
630.798755 490.047869
633.715527 475.415364
408.000000 1590.000000
411.268814 1553.736302
414.537627 1517.472604
417.806441 1481.208906
421.075254 1444.945208
424.344068 1408.681510
427.612881 1372.417812
431.654511 1337.129181
436.659576 1303.056121
441.664641 1268.983060
446.669706 1234.910000
451.674771 1200.836939
457.628856 1168.518099
463.627130 1136.280942
469.625405 1104.043784
475.623679 1071.806627
482.086079 1041.188127
489.179899 1012.771738
496.273720 984.355349
503.367541 955.938960
510.493719 927.946250
517.717423 901.230501
524.941126 874.514752
532.164829 847.799003
539.388533 821.083253
546.588644 795.150655
553.773932 769.710146
560.959220 744.269638
568.144508 718.829129
575.329796 693.388621
581.684595 671.582194
587.941832 650.202679
594.199069 628.823164
600.456306 607.443649
605.149149 588.975077
609.824584 570.538897
614.500020 552.102716
616.900072 536.031344
618.600048 520.687563
620.300024 505.343781
622.000000 490.000000
